Mobility

Mean
E/N     1.950000e-5 eV     2.000000e-2 eV     2.900000e-1 eV     2.910000e-1 eV     5.900000e-1 eV     8.800000e-1 eV     1.170000e+0 eV     1.470000e+0 eV     1.760000e+0 eV     2.060000e+0 eV     2.350000e+0 eV     6.170000e+0 eV     7.000000e+0 eV     7.350000e+0 eV     7.360000e+0 eV     7.800000e+0 eV     8.160000e+0 eV     8.400000e+0 eV     8.550000e+0 eV     8.890000e+0 eV     1.103000e+1 eV     1.187000e+1 eV     1.225000e+1 eV     1.300000e+1 eV     1.560000e+1 eV     1.880000e+1 eV    
1.e-03    8.969e-01          1.031e-01          0.000e+00          0.000e+00          0.000e+00          0.000e+00          0.000e+00          0.000e+00          0.000e+00          0.000e+00          0.000e+00          0.000e+00          0.000e+00          0.000e+00          0.000e+00          0.000e+00          0.000e+00          0.000e+00          0.000e+00          0.000e+00          0.000e+00          0.000e+00          0.000e+00          0.000e+00          0.000e+00          0.000e+00          
1.e-02    8.907e-01          1.093e-01          0.000e+00          0.000e+00          0.000e+00          0.000e+00          0.000e+00          0.000e+00          0.000e+00          0.000e+00          0.000e+00          0.000e+00          0.000e+00          0.000e+00          0.000e+00          0.000e+00          0.000e+00          0.000e+00          0.000e+00          0.000e+00          0.000e+00          0.000e+00          0.000e+00          0.000e+00          0.000e+00          0.000e+00          
1.e-01    5.659e-01          4.341e-01          0.000e+00          0.000e+00          0.000e+00          0.000e+00          0.000e+00          0.000e+00          0.000e+00          0.000e+00          0.000e+00          0.000e+00          0.000e+00          0.000e+00          0.000e+00          0.000e+00          0.000e+00          0.000e+00          0.000e+00          0.000e+00          0.000e+00          0.000e+00          0.000e+00          0.000e+00          0.000e+00          0.000e+00          
1.e+00    6.987e-01          1.450e-01          1.563e-01          0.000e+00          0.000e+00          0.000e+00          0.000e+00          0.000e+00          0.000e+00          0.000e+00          0.000e+00          0.000e+00          0.000e+00          0.000e+00          0.000e+00          0.000e+00          0.000e+00          0.000e+00          0.000e+00          0.000e+00          0.000e+00          0.000e+00          0.000e+00          0.000e+00          0.000e+00          0.000e+00          
1.e+01    8.618e-01          7.877e-03          7.385e-02          3.228e-02          1.660e-02          7.195e-03          2.334e-04          1.167e-04          0.000e+00          0.000e+00          0.000e+00          0.000e+00          0.000e+00          0.000e+00          0.000e+00          0.000e+00          0.000e+00          0.000e+00          0.000e+00          0.000e+00          0.000e+00          0.000e+00          0.000e+00          0.000e+00          0.000e+00          0.000e+00          
1.e+02    8.603e-01          7.540e-04          1.767e-03          1.951e-03          7.258e-03          1.901e-02          1.618e-02          1.980e-02          1.636e-02          8.499e-03          3.888e-03          7.464e-04          3.007e-03          1.368e-02          6.711e-03          2.461e-03          2.355e-03          1.883e-03          4.087e-03          2.659e-03          4.515e-03          8.140e-04          3.053e-04          9.597e-04          7.167e-05          1.165e-05          
1.e+03    7.677e-01          5.161e-05          5.544e-05          6.308e-05          1.042e-04          1.309e-04          1.615e-04          1.835e-04          2.256e-04          1.529e-04          7.455e-05          7.541e-04          3.647e-03          1.199e-02          1.196e-02          4.090e-03          4.176e-03          3.480e-03          1.318e-02          4.416e-03          3.078e-02          1.244e-03          5.056e-03          9.185e-02          3.264e-02          1.178e-02          
STD
E/N     1.950000e-5 eV     2.000000e-2 eV     2.900000e-1 eV     2.910000e-1 eV     5.900000e-1 eV     8.800000e-1 eV     1.170000e+0 eV     1.470000e+0 eV     1.760000e+0 eV     2.060000e+0 eV     2.350000e+0 eV     6.170000e+0 eV     7.000000e+0 eV     7.350000e+0 eV     7.360000e+0 eV     7.800000e+0 eV     8.160000e+0 eV     8.400000e+0 eV     8.550000e+0 eV     8.890000e+0 eV     1.103000e+1 eV     1.187000e+1 eV     1.225000e+1 eV     1.300000e+1 eV     1.560000e+1 eV     1.880000e+1 eV    
1.e-03    8.906e-01          1.094e-01          0.000e+00          0.000e+00          0.000e+00          0.000e+00          0.000e+00          0.000e+00          0.000e+00          0.000e+00          0.000e+00          0.000e+00          0.000e+00          0.000e+00          0.000e+00          0.000e+00          0.000e+00          0.000e+00          0.000e+00          0.000e+00          0.000e+00          0.000e+00          0.000e+00          0.000e+00          0.000e+00          0.000e+00          
1.e-02    8.777e-01          1.223e-01          0.000e+00          0.000e+00          0.000e+00          0.000e+00          0.000e+00          0.000e+00          0.000e+00          0.000e+00          0.000e+00          0.000e+00          0.000e+00          0.000e+00          0.000e+00          0.000e+00          0.000e+00          0.000e+00          0.000e+00          0.000e+00          0.000e+00          0.000e+00          0.000e+00          0.000e+00          0.000e+00          0.000e+00          
1.e-01    5.460e-01          4.540e-01          0.000e+00          0.000e+00          0.000e+00          0.000e+00          0.000e+00          0.000e+00          0.000e+00          0.000e+00          0.000e+00          0.000e+00          0.000e+00          0.000e+00          0.000e+00          0.000e+00          0.000e+00          0.000e+00          0.000e+00          0.000e+00          0.000e+00          0.000e+00          0.000e+00          0.000e+00          0.000e+00          0.000e+00          
1.e+00    6.794e-01          1.493e-01          1.713e-01          0.000e+00          0.000e+00          0.000e+00          0.000e+00          0.000e+00          0.000e+00          0.000e+00          0.000e+00          0.000e+00          0.000e+00          0.000e+00          0.000e+00          0.000e+00          0.000e+00          0.000e+00          0.000e+00          0.000e+00          0.000e+00          0.000e+00          0.000e+00          0.000e+00          0.000e+00          0.000e+00          
1.e+01    8.247e-01          1.192e-02          7.068e-02          3.823e-02          2.639e-02          1.727e-02          6.299e-03          4.530e-03          0.000e+00          0.000e+00          0.000e+00          0.000e+00          0.000e+00          0.000e+00          0.000e+00          0.000e+00          0.000e+00          0.000e+00          0.000e+00          0.000e+00          0.000e+00          0.000e+00          0.000e+00          0.000e+00          0.000e+00          0.000e+00          
1.e+02    6.551e-01          9.986e-03          1.349e-02          1.408e-02          1.323e-02          1.802e-02          1.881e-02          1.951e-02          1.943e-02          1.536e-02          1.380e-02          1.017e-02          1.484e-02          2.447e-02          1.661e-02          1.481e-02          1.477e-02          1.416e-02          1.511e-02          1.499e-02          1.534e-02          1.060e-02          7.004e-03          1.142e-02          3.440e-03          1.463e-03          
1.e+03    6.651e-01          1.417e-03          1.465e-03          1.557e-03          1.954e-03          2.156e-03          2.350e-03          2.469e-03          2.662e-03          2.298e-03          1.681e-03          2.765e-03          5.365e-03          1.568e-02          1.585e-02          5.865e-03          6.062e-03          5.193e-03          1.791e-02          6.161e-03          3.941e-02          3.025e-03          1.098e-02          1.190e-01          3.909e-02          2.253e-02          

Diffusion Coef.

Mean
E/N     1.950000e-5 eV     2.000000e-2 eV     2.900000e-1 eV     2.910000e-1 eV     5.900000e-1 eV     8.800000e-1 eV     1.170000e+0 eV     1.470000e+0 eV     1.760000e+0 eV     2.060000e+0 eV     2.350000e+0 eV     6.170000e+0 eV     7.000000e+0 eV     7.350000e+0 eV     7.360000e+0 eV     7.800000e+0 eV     8.160000e+0 eV     8.400000e+0 eV     8.550000e+0 eV     8.890000e+0 eV     1.103000e+1 eV     1.187000e+1 eV     1.225000e+1 eV     1.300000e+1 eV     1.560000e+1 eV     1.880000e+1 eV    
1.e-03    9.714e-01          2.863e-02          0.000e+00          0.000e+00          0.000e+00          0.000e+00          0.000e+00          0.000e+00          0.000e+00          0.000e+00          0.000e+00          0.000e+00          0.000e+00          0.000e+00          0.000e+00          0.000e+00          0.000e+00          0.000e+00          0.000e+00          0.000e+00          0.000e+00          0.000e+00          0.000e+00          0.000e+00          0.000e+00          0.000e+00          
1.e-02    9.792e-01          2.084e-02          0.000e+00          0.000e+00          0.000e+00          0.000e+00          0.000e+00          0.000e+00          0.000e+00          0.000e+00          0.000e+00          0.000e+00          0.000e+00          0.000e+00          0.000e+00          0.000e+00          0.000e+00          0.000e+00          0.000e+00          0.000e+00          0.000e+00          0.000e+00          0.000e+00          0.000e+00          0.000e+00          0.000e+00          
1.e-01    9.666e-01          3.335e-02          4.928e-06          0.000e+00          0.000e+00          0.000e+00          0.000e+00          0.000e+00          0.000e+00          0.000e+00          0.000e+00          0.000e+00          0.000e+00          0.000e+00          0.000e+00          0.000e+00          0.000e+00          0.000e+00          0.000e+00          0.000e+00          0.000e+00          0.000e+00          0.000e+00          0.000e+00          0.000e+00          0.000e+00          
1.e+00    9.091e-01          3.876e-02          5.212e-02          2.368e-05          0.000e+00          0.000e+00          0.000e+00          0.000e+00          0.000e+00          0.000e+00          0.000e+00          0.000e+00          0.000e+00          0.000e+00          0.000e+00          0.000e+00          0.000e+00          0.000e+00          0.000e+00          0.000e+00          0.000e+00          0.000e+00          0.000e+00          0.000e+00          0.000e+00          0.000e+00          
1.e+01    9.877e-01          1.111e-03          8.481e-03          2.072e-03          1.179e-04          5.109e-04          3.573e-05          7.145e-06          0.000e+00          0.000e+00          0.000e+00          0.000e+00          0.000e+00          0.000e+00          0.000e+00          0.000e+00          0.000e+00          0.000e+00          0.000e+00          0.000e+00          0.000e+00          0.000e+00          0.000e+00          0.000e+00          0.000e+00          0.000e+00          
1.e+02    7.335e-01          2.386e-03          6.920e-04          3.176e-02          3.042e-02          2.364e-02          1.776e-02          1.685e-02          1.489e-02          9.377e-03          5.143e-03          1.550e-03          7.127e-03          3.483e-02          1.608e-02          5.965e-03          5.818e-03          4.810e-03          1.062e-02          7.442e-03          1.402e-02          1.544e-03          7.140e-04          2.851e-03          1.863e-04          2.035e-05          
1.e+03    7.067e-01          1.126e-04          5.330e-05          1.571e-04          1.819e-04          1.516e-04          1.280e-04          1.418e-04          1.319e-04          8.407e-05          3.956e-05          6.077e-04          2.991e-03          9.018e-03          9.821e-03          3.325e-03          3.275e-03          2.660e-03          1.170e-02          3.223e-03          2.362e-02          9.560e-04          4.447e-03          9.574e-02          9.171e-02          2.900e-02          
STD
E/N     1.950000e-5 eV     2.000000e-2 eV     2.900000e-1 eV     2.910000e-1 eV     5.900000e-1 eV     8.800000e-1 eV     1.170000e+0 eV     1.470000e+0 eV     1.760000e+0 eV     2.060000e+0 eV     2.350000e+0 eV     6.170000e+0 eV     7.000000e+0 eV     7.350000e+0 eV     7.360000e+0 eV     7.800000e+0 eV     8.160000e+0 eV     8.400000e+0 eV     8.550000e+0 eV     8.890000e+0 eV     1.103000e+1 eV     1.187000e+1 eV     1.225000e+1 eV     1.300000e+1 eV     1.560000e+1 eV     1.880000e+1 eV    
1.e-03    9.712e-01          2.883e-02          0.000e+00          0.000e+00          0.000e+00          0.000e+00          0.000e+00          0.000e+00          0.000e+00          0.000e+00          0.000e+00          0.000e+00          0.000e+00          0.000e+00          0.000e+00          0.000e+00          0.000e+00          0.000e+00          0.000e+00          0.000e+00          0.000e+00          0.000e+00          0.000e+00          0.000e+00          0.000e+00          0.000e+00          
1.e-02    9.745e-01          2.545e-02          0.000e+00          0.000e+00          0.000e+00          0.000e+00          0.000e+00          0.000e+00          0.000e+00          0.000e+00          0.000e+00          0.000e+00          0.000e+00          0.000e+00          0.000e+00          0.000e+00          0.000e+00          0.000e+00          0.000e+00          0.000e+00          0.000e+00          0.000e+00          0.000e+00          0.000e+00          0.000e+00          0.000e+00          
1.e-01    9.610e-01          3.863e-02          3.917e-04          0.000e+00          0.000e+00          0.000e+00          0.000e+00          0.000e+00          0.000e+00          0.000e+00          0.000e+00          0.000e+00          0.000e+00          0.000e+00          0.000e+00          0.000e+00          0.000e+00          0.000e+00          0.000e+00          0.000e+00          0.000e+00          0.000e+00          0.000e+00          0.000e+00          0.000e+00          0.000e+00          
1.e+00    8.768e-01          4.805e-02          7.311e-02          2.064e-03          0.000e+00          0.000e+00          0.000e+00          0.000e+00          0.000e+00          0.000e+00          0.000e+00          0.000e+00          0.000e+00          0.000e+00          0.000e+00          0.000e+00          0.000e+00          0.000e+00          0.000e+00          0.000e+00          0.000e+00          0.000e+00          0.000e+00          0.000e+00          0.000e+00          0.000e+00          
1.e+01    9.473e-01          1.152e-02          1.219e-02          1.228e-02          4.445e-03          8.711e-03          2.476e-03          1.112e-03          0.000e+00          0.000e+00          0.000e+00          0.000e+00          0.000e+00          0.000e+00          0.000e+00          0.000e+00          0.000e+00          0.000e+00          0.000e+00          0.000e+00          0.000e+00          0.000e+00          0.000e+00          0.000e+00          0.000e+00          0.000e+00          
1.e+02    6.097e-01          4.673e-03          4.186e-03          3.419e-02          3.321e-02          2.723e-02          2.148e-02          2.002e-02          1.821e-02          1.189e-02          6.836e-03          4.163e-03          1.271e-02          5.191e-02          2.697e-02          1.069e-02          1.056e-02          9.366e-03          1.951e-02          1.405e-02          2.743e-02          5.084e-03          4.265e-03          7.947e-03          2.729e-03          9.548e-04          
1.e+03    5.820e-01          1.288e-03          9.440e-04          1.441e-03          1.501e-03          1.426e-03          1.348e-03          1.396e-03          1.362e-03          1.148e-03          8.245e-04          1.263e-03          3.829e-03          1.090e-02          1.189e-02          4.237e-03          4.095e-03          3.463e-03          1.478e-02          4.047e-03          2.788e-02          2.265e-03          8.539e-03          1.155e-01          1.344e-01          5.825e-02          

Ionisation coef.

Mean
E/N     1.950000e-5 eV     2.000000e-2 eV     2.900000e-1 eV     2.910000e-1 eV     5.900000e-1 eV     8.800000e-1 eV     1.170000e+0 eV     1.470000e+0 eV     1.760000e+0 eV     2.060000e+0 eV     2.350000e+0 eV     6.170000e+0 eV     7.000000e+0 eV     7.350000e+0 eV     7.360000e+0 eV     7.800000e+0 eV     8.160000e+0 eV     8.400000e+0 eV     8.550000e+0 eV     8.890000e+0 eV     1.103000e+1 eV     1.187000e+1 eV     1.225000e+1 eV     1.300000e+1 eV     1.560000e+1 eV     1.880000e+1 eV    
1.e-03    nan          nan          nan          nan          nan          nan          nan          nan          nan          nan          nan          nan          nan          nan          nan          nan          nan          nan          nan          nan          nan          nan          nan          nan          nan          nan          
1.e-02    nan          nan          nan          nan          nan          nan          nan          nan          nan          nan          nan          nan          nan          nan          nan          nan          nan          nan          nan          nan          nan          nan          nan          nan          nan          nan          
1.e-01    nan          nan          nan          nan          nan          nan          nan          nan          nan          nan          nan          nan          nan          nan          nan          nan          nan          nan          nan          nan          nan          nan          nan          nan          nan          nan          
1.e+00    nan          nan          nan          nan          nan          nan          nan          nan          nan          nan          nan          nan          nan          nan          nan          nan          nan          nan          nan          nan          nan          nan          nan          nan          nan          nan          
1.e+01    nan          nan          nan          nan          nan          nan          nan          nan          nan          nan          nan          nan          nan          nan          nan          nan          nan          nan          nan          nan          nan          nan          nan          nan          nan          nan          
1.e+02    2.960e-01          1.238e-03          1.426e-03          1.672e-02          1.627e-02          1.293e-02          9.699e-03          8.988e-03          7.657e-03          4.790e-03          2.613e-03          6.116e-03          2.650e-02          8.715e-02          8.096e-02          2.480e-02          2.495e-02          2.060e-02          5.881e-02          2.594e-02          1.113e-01          4.201e-03          1.133e-02          7.569e-02          6.080e-02          2.509e-03          
1.e+03    3.608e-01          3.028e-05          1.442e-04          1.014e-04          1.529e-04          1.031e-04          9.470e-05          9.662e-05          9.013e-05          5.744e-05          2.764e-05          1.376e-03          6.418e-03          1.737e-02          2.037e-02          7.058e-03          6.594e-03          5.248e-03          2.822e-02          5.838e-03          4.452e-02          1.838e-03          1.016e-02          2.892e-01          1.541e-01          4.000e-02          
STD
E/N     1.950000e-5 eV     2.000000e-2 eV     2.900000e-1 eV     2.910000e-1 eV     5.900000e-1 eV     8.800000e-1 eV     1.170000e+0 eV     1.470000e+0 eV     1.760000e+0 eV     2.060000e+0 eV     2.350000e+0 eV     6.170000e+0 eV     7.000000e+0 eV     7.350000e+0 eV     7.360000e+0 eV     7.800000e+0 eV     8.160000e+0 eV     8.400000e+0 eV     8.550000e+0 eV     8.890000e+0 eV     1.103000e+1 eV     1.187000e+1 eV     1.225000e+1 eV     1.300000e+1 eV     1.560000e+1 eV     1.880000e+1 eV    
1.e-03    nan          nan          nan          nan          nan          nan          nan          nan          nan          nan          nan          nan          nan          nan          nan          nan          nan          nan          nan          nan          nan          nan          nan          nan          nan          nan          
1.e-02    nan          nan          nan          nan          nan          nan          nan          nan          nan          nan          nan          nan          nan          nan          nan          nan          nan          nan          nan          nan          nan          nan          nan          nan          nan          nan          
1.e-01    nan          nan          nan          nan          nan          nan          nan          nan          nan          nan          nan          nan          nan          nan          nan          nan          nan          nan          nan          nan          nan          nan          nan          nan          nan          nan          
1.e+00    nan          nan          nan          nan          nan          nan          nan          nan          nan          nan          nan          nan          nan          nan          nan          nan          nan          nan          nan          nan          nan          nan          nan          nan          nan          nan          
1.e+01    nan          nan          nan          nan          nan          nan          nan          nan          nan          nan          nan          nan          nan          nan          nan          nan          nan          nan          nan          nan          nan          nan          nan          nan          nan          nan          
1.e+02    2.333e-01          1.198e-03          1.418e-03          1.495e-02          1.521e-02          1.241e-02          9.430e-03          8.657e-03          7.343e-03          4.824e-03          2.534e-03          7.000e-03          3.134e-02          9.080e-02          8.902e-02          2.827e-02          2.804e-02          2.429e-02          6.576e-02          3.021e-02          1.145e-01          5.186e-03          1.504e-02          9.088e-02          6.470e-02          3.707e-03          
1.e+03    2.957e-01          1.244e-03          2.698e-03          2.157e-03          2.764e-03          2.068e-03          2.110e-03          2.111e-03          1.921e-03          1.625e-03          1.074e-03          5.421e-03          9.331e-03          2.205e-02          2.589e-02          1.014e-02          9.120e-03          7.879e-03          3.546e-02          8.501e-03          5.452e-02          5.989e-03          2.020e-02          2.683e-01          1.364e-01          6.521e-02          

1st Excitation

Mean
E/N     1.950000e-5 eV     2.000000e-2 eV     2.900000e-1 eV     2.910000e-1 eV     5.900000e-1 eV     8.800000e-1 eV     1.170000e+0 eV     1.470000e+0 eV     1.760000e+0 eV     2.060000e+0 eV     2.350000e+0 eV     6.170000e+0 eV     7.000000e+0 eV     7.350000e+0 eV     7.360000e+0 eV     7.800000e+0 eV     8.160000e+0 eV     8.400000e+0 eV     8.550000e+0 eV     8.890000e+0 eV     1.103000e+1 eV     1.187000e+1 eV     1.225000e+1 eV     1.300000e+1 eV     1.560000e+1 eV     1.880000e+1 eV    
1.e-03    9.300e-01          7.004e-02          0.000e+00          0.000e+00          0.000e+00          0.000e+00          0.000e+00          0.000e+00          0.000e+00          0.000e+00          0.000e+00          0.000e+00          0.000e+00          0.000e+00          0.000e+00          0.000e+00          0.000e+00          0.000e+00          0.000e+00          0.000e+00          0.000e+00          0.000e+00          0.000e+00          0.000e+00          0.000e+00          0.000e+00          
1.e-02    8.776e-01          1.224e-01          0.000e+00          0.000e+00          0.000e+00          0.000e+00          0.000e+00          0.000e+00          0.000e+00          0.000e+00          0.000e+00          0.000e+00          0.000e+00          0.000e+00          0.000e+00          0.000e+00          0.000e+00          0.000e+00          0.000e+00          0.000e+00          0.000e+00          0.000e+00          0.000e+00          0.000e+00          0.000e+00          0.000e+00          
1.e-01    5.549e-01          4.451e-01          0.000e+00          0.000e+00          0.000e+00          0.000e+00          0.000e+00          0.000e+00          0.000e+00          0.000e+00          0.000e+00          0.000e+00          0.000e+00          0.000e+00          0.000e+00          0.000e+00          0.000e+00          0.000e+00          0.000e+00          0.000e+00          0.000e+00          0.000e+00          0.000e+00          0.000e+00          0.000e+00          0.000e+00          
1.e+00    2.413e-01          6.495e-01          1.092e-01          3.779e-06          0.000e+00          0.000e+00          0.000e+00          0.000e+00          0.000e+00          0.000e+00          0.000e+00          0.000e+00          0.000e+00          0.000e+00          0.000e+00          0.000e+00          0.000e+00          0.000e+00          0.000e+00          0.000e+00          0.000e+00          0.000e+00          0.000e+00          0.000e+00          0.000e+00          0.000e+00          
1.e+01    2.264e-01          5.615e-01          5.866e-02          1.030e-01          3.890e-02          1.104e-02          3.538e-04          8.059e-05          0.000e+00          0.000e+00          0.000e+00          0.000e+00          0.000e+00          0.000e+00          0.000e+00          0.000e+00          0.000e+00          0.000e+00          0.000e+00          0.000e+00          0.000e+00          0.000e+00          0.000e+00          0.000e+00          0.000e+00          0.000e+00          
1.e+02    1.194e-01          6.470e-01          3.779e-04          1.916e-02          2.826e-02          3.542e-02          2.626e-02          2.118e-02          1.474e-02          4.827e-03          1.033e-03          1.147e-03          5.239e-03          2.551e-02          1.170e-02          4.359e-03          4.147e-03          3.415e-03          7.462e-03          5.350e-03          1.054e-02          8.499e-04          4.772e-04          1.973e-03          1.164e-04          9.153e-06          
1.e+03    1.924e-01          4.000e-01          1.040e-04          7.837e-04          7.360e-04          4.889e-04          3.319e-04          3.418e-04          3.260e-04          2.542e-04          1.700e-04          1.226e-03          6.324e-03          2.342e-02          2.036e-02          7.163e-03          7.541e-03          6.398e-03          2.065e-02          8.988e-03          6.185e-02          2.439e-03          8.467e-03          1.130e-01          8.703e-02          2.927e-02          
STD
E/N     1.950000e-5 eV     2.000000e-2 eV     2.900000e-1 eV     2.910000e-1 eV     5.900000e-1 eV     8.800000e-1 eV     1.170000e+0 eV     1.470000e+0 eV     1.760000e+0 eV     2.060000e+0 eV     2.350000e+0 eV     6.170000e+0 eV     7.000000e+0 eV     7.350000e+0 eV     7.360000e+0 eV     7.800000e+0 eV     8.160000e+0 eV     8.400000e+0 eV     8.550000e+0 eV     8.890000e+0 eV     1.103000e+1 eV     1.187000e+1 eV     1.225000e+1 eV     1.300000e+1 eV     1.560000e+1 eV     1.880000e+1 eV    
1.e-03    9.092e-01          9.082e-02          0.000e+00          0.000e+00          0.000e+00          0.000e+00          0.000e+00          0.000e+00          0.000e+00          0.000e+00          0.000e+00          0.000e+00          0.000e+00          0.000e+00          0.000e+00          0.000e+00          0.000e+00          0.000e+00          0.000e+00          0.000e+00          0.000e+00          0.000e+00          0.000e+00          0.000e+00          0.000e+00          0.000e+00          
1.e-02    8.607e-01          1.393e-01          0.000e+00          0.000e+00          0.000e+00          0.000e+00          0.000e+00          0.000e+00          0.000e+00          0.000e+00          0.000e+00          0.000e+00          0.000e+00          0.000e+00          0.000e+00          0.000e+00          0.000e+00          0.000e+00          0.000e+00          0.000e+00          0.000e+00          0.000e+00          0.000e+00          0.000e+00          0.000e+00          0.000e+00          
1.e-01    5.387e-01          4.613e-01          0.000e+00          0.000e+00          0.000e+00          0.000e+00          0.000e+00          0.000e+00          0.000e+00          0.000e+00          0.000e+00          0.000e+00          0.000e+00          0.000e+00          0.000e+00          0.000e+00          0.000e+00          0.000e+00          0.000e+00          0.000e+00          0.000e+00          0.000e+00          0.000e+00          0.000e+00          0.000e+00          0.000e+00          
1.e+00    2.621e-01          6.180e-01          1.195e-01          3.118e-04          0.000e+00          0.000e+00          0.000e+00          0.000e+00          0.000e+00          0.000e+00          0.000e+00          0.000e+00          0.000e+00          0.000e+00          0.000e+00          0.000e+00          0.000e+00          0.000e+00          0.000e+00          0.000e+00          0.000e+00          0.000e+00          0.000e+00          0.000e+00          0.000e+00          0.000e+00          
1.e+01    2.294e-01          5.177e-01          6.107e-02          1.129e-01          5.463e-02          1.966e-02          2.995e-03          1.712e-03          0.000e+00          0.000e+00          0.000e+00          0.000e+00          0.000e+00          0.000e+00          0.000e+00          0.000e+00          0.000e+00          0.000e+00          0.000e+00          0.000e+00          0.000e+00          0.000e+00          0.000e+00          0.000e+00          0.000e+00          0.000e+00          
1.e+02    1.505e-01          5.070e-01          3.324e-03          3.295e-02          3.947e-02          4.049e-02          2.884e-02          2.303e-02          1.582e-02          6.270e-03          3.621e-03          3.546e-03          9.208e-03          3.655e-02          1.875e-02          7.706e-03          7.537e-03          6.622e-03          1.332e-02          9.859e-03          1.966e-02          3.891e-03          3.545e-03          5.838e-03          2.088e-03          6.114e-04          
1.e+03    1.720e-01          3.277e-01          1.206e-03          2.133e-03          1.824e-03          1.748e-03          1.400e-03          1.164e-03          1.319e-03          1.035e-03          1.341e-03          2.329e-03          8.313e-03          3.044e-02          2.639e-02          9.359e-03          9.829e-03          8.522e-03          2.537e-02          1.225e-02          7.845e-02          4.978e-03          1.570e-02          1.272e-01          8.282e-02          4.527e-02          

2nd Excitation

Mean
E/N     1.950000e-5 eV     2.000000e-2 eV     2.900000e-1 eV     2.910000e-1 eV     5.900000e-1 eV     8.800000e-1 eV     1.170000e+0 eV     1.470000e+0 eV     1.760000e+0 eV     2.060000e+0 eV     2.350000e+0 eV     6.170000e+0 eV     7.000000e+0 eV     7.350000e+0 eV     7.360000e+0 eV     7.800000e+0 eV     8.160000e+0 eV     8.400000e+0 eV     8.550000e+0 eV     8.890000e+0 eV     1.103000e+1 eV     1.187000e+1 eV     1.225000e+1 eV     1.300000e+1 eV     1.560000e+1 eV     1.880000e+1 eV    
1.e-03    nan          nan          nan          nan          nan          nan          nan          nan          nan          nan          nan          nan          nan          nan          nan          nan          nan          nan          nan          nan          nan          nan          nan          nan          nan          nan          
1.e-02    nan          nan          nan          nan          nan          nan          nan          nan          nan          nan          nan          nan          nan          nan          nan          nan          nan          nan          nan          nan          nan          nan          nan          nan          nan          nan          
1.e-01    4.330e-01          5.083e-01          5.869e-02          0.000e+00          0.000e+00          0.000e+00          0.000e+00          0.000e+00          0.000e+00          0.000e+00          0.000e+00          0.000e+00          0.000e+00          0.000e+00          0.000e+00          0.000e+00          0.000e+00          0.000e+00          0.000e+00          0.000e+00          0.000e+00          0.000e+00          0.000e+00          0.000e+00          0.000e+00          0.000e+00          
1.e+00    5.639e-01          1.816e-01          2.546e-01          1.408e-05          0.000e+00          0.000e+00          0.000e+00          0.000e+00          0.000e+00          0.000e+00          0.000e+00          0.000e+00          0.000e+00          0.000e+00          0.000e+00          0.000e+00          0.000e+00          0.000e+00          0.000e+00          0.000e+00          0.000e+00          0.000e+00          0.000e+00          0.000e+00          0.000e+00          0.000e+00          
1.e+01    1.332e-01          8.088e-03          8.200e-01          1.790e-02          1.128e-02          9.092e-03          3.808e-04          1.269e-04          3.967e-06          0.000e+00          0.000e+00          0.000e+00          0.000e+00          0.000e+00          0.000e+00          0.000e+00          0.000e+00          0.000e+00          0.000e+00          0.000e+00          0.000e+00          0.000e+00          0.000e+00          0.000e+00          0.000e+00          0.000e+00          
1.e+02    2.201e-01          2.740e-03          4.814e-01          3.254e-02          3.042e-02          2.485e-02          1.982e-02          2.005e-02          1.803e-02          1.133e-02          6.244e-03          1.791e-03          8.238e-03          4.042e-02          1.852e-02          6.914e-03          6.748e-03          5.565e-03          1.241e-02          8.767e-03          1.662e-02          1.914e-03          8.645e-04          3.446e-03          2.256e-04          1.211e-05          
1.e+03    6.784e-02          3.664e-05          7.778e-01          2.149e-04          2.345e-04          2.204e-04          1.948e-04          1.905e-04          1.899e-04          1.233e-04          6.717e-05          6.985e-04          3.548e-03          1.106e-02          1.251e-02          3.960e-03          3.962e-03          3.269e-03          1.095e-02          4.277e-03          3.052e-02          1.119e-03          4.895e-03          3.072e-02          2.361e-02          7.759e-03          
STD
E/N     1.950000e-5 eV     2.000000e-2 eV     2.900000e-1 eV     2.910000e-1 eV     5.900000e-1 eV     8.800000e-1 eV     1.170000e+0 eV     1.470000e+0 eV     1.760000e+0 eV     2.060000e+0 eV     2.350000e+0 eV     6.170000e+0 eV     7.000000e+0 eV     7.350000e+0 eV     7.360000e+0 eV     7.800000e+0 eV     8.160000e+0 eV     8.400000e+0 eV     8.550000e+0 eV     8.890000e+0 eV     1.103000e+1 eV     1.187000e+1 eV     1.225000e+1 eV     1.300000e+1 eV     1.560000e+1 eV     1.880000e+1 eV    
1.e-03    nan          nan          nan          nan          nan          nan          nan          nan          nan          nan          nan          nan          nan          nan          nan          nan          nan          nan          nan          nan          nan          nan          nan          nan          nan          nan          
1.e-02    nan          nan          nan          nan          nan          nan          nan          nan          nan          nan          nan          nan          nan          nan          nan          nan          nan          nan          nan          nan          nan          nan          nan          nan          nan          nan          
1.e-01    4.544e-01          4.738e-01          7.182e-02          0.000e+00          0.000e+00          0.000e+00          0.000e+00          0.000e+00          0.000e+00          0.000e+00          0.000e+00          0.000e+00          0.000e+00          0.000e+00          0.000e+00          0.000e+00          0.000e+00          0.000e+00          0.000e+00          0.000e+00          0.000e+00          0.000e+00          0.000e+00          0.000e+00          0.000e+00          0.000e+00          
1.e+00    5.610e-01          1.849e-01          2.535e-01          5.346e-04          0.000e+00          0.000e+00          0.000e+00          0.000e+00          0.000e+00          0.000e+00          0.000e+00          0.000e+00          0.000e+00          0.000e+00          0.000e+00          0.000e+00          0.000e+00          0.000e+00          0.000e+00          0.000e+00          0.000e+00          0.000e+00          0.000e+00          0.000e+00          0.000e+00          0.000e+00          
1.e+01    1.900e-01          1.530e-02          7.213e-01          2.737e-02          1.651e-02          1.630e-02          7.804e-03          4.662e-03          8.373e-04          0.000e+00          0.000e+00          0.000e+00          0.000e+00          0.000e+00          0.000e+00          0.000e+00          0.000e+00          0.000e+00          0.000e+00          0.000e+00          0.000e+00          0.000e+00          0.000e+00          0.000e+00          0.000e+00          0.000e+00          
1.e+02    2.126e-01          4.795e-03          3.872e-01          3.337e-02          3.346e-02          2.720e-02          2.163e-02          2.122e-02          1.890e-02          1.296e-02          7.498e-03          4.131e-03          1.283e-02          5.391e-02          2.855e-02          1.153e-02          1.130e-02          9.748e-03          2.055e-02          1.495e-02          2.940e-02          5.364e-03          4.551e-03          8.473e-03          3.057e-03          7.648e-04          
1.e+03    9.046e-02          8.825e-04          6.402e-01          1.775e-03          1.807e-03          1.785e-03          1.732e-03          1.722e-03          1.720e-03          1.492e-03          1.163e-03          1.599e-03          5.278e-03          1.641e-02          1.826e-02          5.831e-03          6.040e-03          4.925e-03          1.590e-02          6.410e-03          4.280e-02          2.744e-03          1.035e-02          6.630e-02          3.684e-02          1.554e-02          

3rd Excitation

Mean
E/N     1.950000e-5 eV     2.000000e-2 eV     2.900000e-1 eV     2.910000e-1 eV     5.900000e-1 eV     8.800000e-1 eV     1.170000e+0 eV     1.470000e+0 eV     1.760000e+0 eV     2.060000e+0 eV     2.350000e+0 eV     6.170000e+0 eV     7.000000e+0 eV     7.350000e+0 eV     7.360000e+0 eV     7.800000e+0 eV     8.160000e+0 eV     8.400000e+0 eV     8.550000e+0 eV     8.890000e+0 eV     1.103000e+1 eV     1.187000e+1 eV     1.225000e+1 eV     1.300000e+1 eV     1.560000e+1 eV     1.880000e+1 eV    
1.e-03    nan          nan          nan          nan          nan          nan          nan          nan          nan          nan          nan          nan          nan          nan          nan          nan          nan          nan          nan          nan          nan          nan          nan          nan          nan          nan          
1.e-02    nan          nan          nan          nan          nan          nan          nan          nan          nan          nan          nan          nan          nan          nan          nan          nan          nan          nan          nan          nan          nan          nan          nan          nan          nan          nan          
1.e-01    nan          nan          nan          nan          nan          nan          nan          nan          nan          nan          nan          nan          nan          nan          nan          nan          nan          nan          nan          nan          nan          nan          nan          nan          nan          nan          
1.e+00    5.295e-01          1.342e-01          3.105e-01          2.576e-02          3.715e-05          0.000e+00          0.000e+00          0.000e+00          0.000e+00          0.000e+00          0.000e+00          0.000e+00          0.000e+00          0.000e+00          0.000e+00          0.000e+00          0.000e+00          0.000e+00          0.000e+00          0.000e+00          0.000e+00          0.000e+00          0.000e+00          0.000e+00          0.000e+00          0.000e+00          
1.e+01    4.917e-01          1.639e-02          1.036e-01          2.763e-01          8.802e-02          2.315e-02          6.264e-04          1.560e-04          1.191e-06          0.000e+00          0.000e+00          0.000e+00          0.000e+00          0.000e+00          0.000e+00          0.000e+00          0.000e+00          0.000e+00          0.000e+00          0.000e+00          0.000e+00          0.000e+00          0.000e+00          0.000e+00          0.000e+00          0.000e+00          
1.e+02    8.810e-02          9.736e-04          4.700e-04          7.047e-01          2.263e-02          3.228e-02          2.335e-02          1.872e-02          1.208e-02          3.167e-03          3.275e-04          1.290e-03          5.877e-03          2.891e-02          1.310e-02          4.915e-03          4.684e-03          3.879e-03          8.487e-03          6.134e-03          1.192e-02          1.035e-03          5.485e-04          2.220e-03          1.458e-04          1.234e-05          
1.e+03    1.931e-01          1.493e-04          9.919e-05          3.985e-01          8.550e-04          5.872e-04          3.875e-04          4.304e-04          4.177e-04          2.984e-04          2.018e-04          1.235e-03          6.325e-03          2.356e-02          2.029e-02          7.195e-03          7.503e-03          6.386e-03          2.062e-02          9.083e-03          6.187e-02          2.488e-03          8.483e-03          1.134e-01          8.712e-02          2.931e-02          
STD
E/N     1.950000e-5 eV     2.000000e-2 eV     2.900000e-1 eV     2.910000e-1 eV     5.900000e-1 eV     8.800000e-1 eV     1.170000e+0 eV     1.470000e+0 eV     1.760000e+0 eV     2.060000e+0 eV     2.350000e+0 eV     6.170000e+0 eV     7.000000e+0 eV     7.350000e+0 eV     7.360000e+0 eV     7.800000e+0 eV     8.160000e+0 eV     8.400000e+0 eV     8.550000e+0 eV     8.890000e+0 eV     1.103000e+1 eV     1.187000e+1 eV     1.225000e+1 eV     1.300000e+1 eV     1.560000e+1 eV     1.880000e+1 eV    
1.e-03    nan          nan          nan          nan          nan          nan          nan          nan          nan          nan          nan          nan          nan          nan          nan          nan          nan          nan          nan          nan          nan          nan          nan          nan          nan          nan          
1.e-02    nan          nan          nan          nan          nan          nan          nan          nan          nan          nan          nan          nan          nan          nan          nan          nan          nan          nan          nan          nan          nan          nan          nan          nan          nan          nan          
1.e-01    nan          nan          nan          nan          nan          nan          nan          nan          nan          nan          nan          nan          nan          nan          nan          nan          nan          nan          nan          nan          nan          nan          nan          nan          nan          nan          
1.e+00    4.741e-01          1.545e-01          3.399e-01          3.141e-02          1.422e-04          0.000e+00          0.000e+00          0.000e+00          0.000e+00          0.000e+00          0.000e+00          0.000e+00          0.000e+00          0.000e+00          0.000e+00          0.000e+00          0.000e+00          0.000e+00          0.000e+00          0.000e+00          0.000e+00          0.000e+00          0.000e+00          0.000e+00          0.000e+00          0.000e+00          
1.e+01    4.549e-01          1.566e-02          9.350e-02          3.019e-01          9.319e-02          3.426e-02          3.780e-03          2.544e-03          2.383e-04          0.000e+00          0.000e+00          0.000e+00          0.000e+00          0.000e+00          0.000e+00          0.000e+00          0.000e+00          0.000e+00          0.000e+00          0.000e+00          0.000e+00          0.000e+00          0.000e+00          0.000e+00          0.000e+00          0.000e+00          
1.e+02    1.496e-01          3.758e-03          3.063e-03          5.353e-01          3.976e-02          4.083e-02          2.718e-02          2.244e-02          1.431e-02          5.881e-03          2.823e-03          2.961e-03          9.455e-03          3.938e-02          1.991e-02          8.226e-03          8.096e-03          6.727e-03          1.409e-02          1.036e-02          2.055e-02          3.406e-03          3.225e-03          5.962e-03          2.088e-03          6.475e-04          
1.e+03    1.717e-01          2.390e-03          1.808e-03          3.171e-01          4.376e-03          3.862e-03          3.052e-03          3.501e-03          3.558e-03          2.950e-03          2.476e-03          4.446e-03          8.856e-03          3.112e-02          2.646e-02          9.986e-03          9.978e-03          9.019e-03          2.511e-02          1.222e-02          7.519e-02          5.593e-03          1.592e-02          1.249e-01          8.016e-02          4.433e-02          
