Mobility

Mean
E/N     1.950000e-5 eV     2.000000e-2 eV     2.900000e-1 eV     2.910000e-1 eV     5.900000e-1 eV     8.800000e-1 eV     1.170000e+0 eV     1.470000e+0 eV     1.760000e+0 eV     2.060000e+0 eV     2.350000e+0 eV     6.170000e+0 eV     7.000000e+0 eV     7.350000e+0 eV     7.360000e+0 eV     7.800000e+0 eV     8.160000e+0 eV     8.400000e+0 eV     8.550000e+0 eV     8.890000e+0 eV     1.103000e+1 eV     1.187000e+1 eV     1.225000e+1 eV     1.300000e+1 eV     1.560000e+1 eV     1.880000e+1 eV    
1.e-03    4.655e+24          5.352e+23          0.000e+00          0.000e+00          0.000e+00          0.000e+00          0.000e+00          0.000e+00          0.000e+00          0.000e+00          0.000e+00          0.000e+00          0.000e+00          0.000e+00          0.000e+00          0.000e+00          0.000e+00          0.000e+00          0.000e+00          0.000e+00          0.000e+00          0.000e+00          0.000e+00          0.000e+00          0.000e+00          0.000e+00          
1.e-02    2.646e+24          3.247e+23          0.000e+00          0.000e+00          0.000e+00          0.000e+00          0.000e+00          0.000e+00          0.000e+00          0.000e+00          0.000e+00          0.000e+00          0.000e+00          0.000e+00          0.000e+00          0.000e+00          0.000e+00          0.000e+00          0.000e+00          0.000e+00          0.000e+00          0.000e+00          0.000e+00          0.000e+00          0.000e+00          0.000e+00          
1.e-01    6.337e+23          4.861e+23          0.000e+00          0.000e+00          0.000e+00          0.000e+00          0.000e+00          0.000e+00          0.000e+00          0.000e+00          0.000e+00          0.000e+00          0.000e+00          0.000e+00          0.000e+00          0.000e+00          0.000e+00          0.000e+00          0.000e+00          0.000e+00          0.000e+00          0.000e+00          0.000e+00          0.000e+00          0.000e+00          0.000e+00          
1.e+00    9.202e+22          1.909e+22          2.059e+22          0.000e+00          0.000e+00          0.000e+00          0.000e+00          0.000e+00          0.000e+00          0.000e+00          0.000e+00          0.000e+00          0.000e+00          0.000e+00          0.000e+00          0.000e+00          0.000e+00          0.000e+00          0.000e+00          0.000e+00          0.000e+00          0.000e+00          0.000e+00          0.000e+00          0.000e+00          0.000e+00          
1.e+01    4.727e+22          4.320e+20          4.051e+21          1.770e+21          9.106e+20          3.946e+20          1.280e+19          6.400e+18          0.000e+00          0.000e+00          0.000e+00          0.000e+00          0.000e+00          0.000e+00          0.000e+00          0.000e+00          0.000e+00          0.000e+00          0.000e+00          0.000e+00          0.000e+00          0.000e+00          0.000e+00          0.000e+00          0.000e+00          0.000e+00          
1.e+02    2.953e+22          2.588e+19          6.066e+19          6.698e+19          2.491e+20          6.524e+20          5.555e+20          6.796e+20          5.617e+20          2.917e+20          1.335e+20          2.562e+19          1.032e+20          4.696e+20          2.303e+20          8.446e+19          8.084e+19          6.464e+19          1.403e+20          9.128e+19          1.550e+20          2.794e+19          1.048e+19          3.294e+19          2.460e+18          4.000e+17          
1.e+03    1.606e+22          1.080e+18          1.160e+18          1.320e+18          2.180e+18          2.740e+18          3.380e+18          3.840e+18          4.720e+18          3.200e+18          1.560e+18          1.578e+19          7.632e+19          2.509e+20          2.503e+20          8.558e+19          8.738e+19          7.282e+19          2.759e+20          9.240e+19          6.441e+20          2.604e+19          1.058e+20          1.922e+21          6.830e+20          2.465e+20          
STD
E/N     1.950000e-5 eV     2.000000e-2 eV     2.900000e-1 eV     2.910000e-1 eV     5.900000e-1 eV     8.800000e-1 eV     1.170000e+0 eV     1.470000e+0 eV     1.760000e+0 eV     2.060000e+0 eV     2.350000e+0 eV     6.170000e+0 eV     7.000000e+0 eV     7.350000e+0 eV     7.360000e+0 eV     7.800000e+0 eV     8.160000e+0 eV     8.400000e+0 eV     8.550000e+0 eV     8.890000e+0 eV     1.103000e+1 eV     1.187000e+1 eV     1.225000e+1 eV     1.300000e+1 eV     1.560000e+1 eV     1.880000e+1 eV    
1.e-03    6.193e+23          7.605e+22          0.000e+00          0.000e+00          0.000e+00          0.000e+00          0.000e+00          0.000e+00          0.000e+00          0.000e+00          0.000e+00          0.000e+00          0.000e+00          0.000e+00          0.000e+00          0.000e+00          0.000e+00          0.000e+00          0.000e+00          0.000e+00          0.000e+00          0.000e+00          0.000e+00          0.000e+00          0.000e+00          0.000e+00          
1.e-02    3.591e+23          5.006e+22          0.000e+00          0.000e+00          0.000e+00          0.000e+00          0.000e+00          0.000e+00          0.000e+00          0.000e+00          0.000e+00          0.000e+00          0.000e+00          0.000e+00          0.000e+00          0.000e+00          0.000e+00          0.000e+00          0.000e+00          0.000e+00          0.000e+00          0.000e+00          0.000e+00          0.000e+00          0.000e+00          0.000e+00          
1.e-01    8.800e+22          7.317e+22          0.000e+00          0.000e+00          0.000e+00          0.000e+00          0.000e+00          0.000e+00          0.000e+00          0.000e+00          0.000e+00          0.000e+00          0.000e+00          0.000e+00          0.000e+00          0.000e+00          0.000e+00          0.000e+00          0.000e+00          0.000e+00          0.000e+00          0.000e+00          0.000e+00          0.000e+00          0.000e+00          0.000e+00          
1.e+00    1.239e+22          2.723e+21          3.125e+21          0.000e+00          0.000e+00          0.000e+00          0.000e+00          0.000e+00          0.000e+00          0.000e+00          0.000e+00          0.000e+00          0.000e+00          0.000e+00          0.000e+00          0.000e+00          0.000e+00          0.000e+00          0.000e+00          0.000e+00          0.000e+00          0.000e+00          0.000e+00          0.000e+00          0.000e+00          0.000e+00          
1.e+01    6.412e+21          9.265e+19          5.496e+20          2.973e+20          2.052e+20          1.343e+20          4.898e+19          3.522e+19          0.000e+00          0.000e+00          0.000e+00          0.000e+00          0.000e+00          0.000e+00          0.000e+00          0.000e+00          0.000e+00          0.000e+00          0.000e+00          0.000e+00          0.000e+00          0.000e+00          0.000e+00          0.000e+00          0.000e+00          0.000e+00          
1.e+02    4.004e+21          6.103e+19          8.243e+19          8.606e+19          8.087e+19          1.101e+20          1.149e+20          1.192e+20          1.187e+20          9.389e+19          8.433e+19          6.213e+19          9.067e+19          1.495e+20          1.015e+20          9.050e+19          9.027e+19          8.654e+19          9.231e+19          9.164e+19          9.378e+19          6.476e+19          4.280e+19          6.980e+19          2.102e+19          8.940e+18          
1.e+03    2.123e+21          4.523e+18          4.677e+18          4.968e+18          6.236e+18          6.880e+18          7.499e+18          7.881e+18          8.497e+18          7.336e+18          5.366e+18          8.824e+18          1.712e+19          5.004e+19          5.059e+19          1.872e+19          1.935e+19          1.657e+19          5.717e+19          1.966e+19          1.258e+20          9.655e+18          3.505e+19          3.797e+20          1.247e+20          7.190e+19          

Diffusion Coef.

Mean
E/N     1.950000e-5 eV     2.000000e-2 eV     2.900000e-1 eV     2.910000e-1 eV     5.900000e-1 eV     8.800000e-1 eV     1.170000e+0 eV     1.470000e+0 eV     1.760000e+0 eV     2.060000e+0 eV     2.350000e+0 eV     6.170000e+0 eV     7.000000e+0 eV     7.350000e+0 eV     7.360000e+0 eV     7.800000e+0 eV     8.160000e+0 eV     8.400000e+0 eV     8.550000e+0 eV     8.890000e+0 eV     1.103000e+1 eV     1.187000e+1 eV     1.225000e+1 eV     1.300000e+1 eV     1.560000e+1 eV     1.880000e+1 eV    
1.e-03    2.394e+22          7.056e+20          0.000e+00          0.000e+00          0.000e+00          0.000e+00          0.000e+00          0.000e+00          0.000e+00          0.000e+00          0.000e+00          0.000e+00          0.000e+00          0.000e+00          0.000e+00          0.000e+00          0.000e+00          0.000e+00          0.000e+00          0.000e+00          0.000e+00          0.000e+00          0.000e+00          0.000e+00          0.000e+00          0.000e+00          
1.e-02    2.709e+22          5.765e+20          0.000e+00          0.000e+00          0.000e+00          0.000e+00          0.000e+00          0.000e+00          0.000e+00          0.000e+00          0.000e+00          0.000e+00          0.000e+00          0.000e+00          0.000e+00          0.000e+00          0.000e+00          0.000e+00          0.000e+00          0.000e+00          0.000e+00          0.000e+00          0.000e+00          0.000e+00          0.000e+00          0.000e+00          
1.e-01    3.138e+22          1.083e+21          1.600e+17          0.000e+00          0.000e+00          0.000e+00          0.000e+00          0.000e+00          0.000e+00          0.000e+00          0.000e+00          0.000e+00          0.000e+00          0.000e+00          0.000e+00          0.000e+00          0.000e+00          0.000e+00          0.000e+00          0.000e+00          0.000e+00          0.000e+00          0.000e+00          0.000e+00          0.000e+00          0.000e+00          
1.e+00    4.606e+22          1.964e+21          2.641e+21          1.200e+18          0.000e+00          0.000e+00          0.000e+00          0.000e+00          0.000e+00          0.000e+00          0.000e+00          0.000e+00          0.000e+00          0.000e+00          0.000e+00          0.000e+00          0.000e+00          0.000e+00          0.000e+00          0.000e+00          0.000e+00          0.000e+00          0.000e+00          0.000e+00          0.000e+00          0.000e+00          
1.e+01    5.529e+22          6.220e+19          4.748e+20          1.160e+20          6.600e+18          2.860e+19          2.000e+18          4.000e+17          0.000e+00          0.000e+00          0.000e+00          0.000e+00          0.000e+00          0.000e+00          0.000e+00          0.000e+00          0.000e+00          0.000e+00          0.000e+00          0.000e+00          0.000e+00          0.000e+00          0.000e+00          0.000e+00          0.000e+00          0.000e+00          
1.e+02    9.370e+22          3.048e+20          8.840e+19          4.056e+21          3.886e+21          3.020e+21          2.268e+21          2.153e+21          1.901e+21          1.198e+21          6.570e+20          1.980e+20          9.104e+20          4.449e+21          2.054e+21          7.620e+20          7.432e+20          6.144e+20          1.356e+21          9.506e+20          1.791e+21          1.972e+20          9.120e+19          3.642e+20          2.380e+19          2.600e+18          
1.e+03    2.572e+23          4.100e+19          1.940e+19          5.720e+19          6.620e+19          5.520e+19          4.660e+19          5.160e+19          4.800e+19          3.060e+19          1.440e+19          2.212e+20          1.089e+21          3.282e+21          3.575e+21          1.210e+21          1.192e+21          9.684e+20          4.261e+21          1.173e+21          8.597e+21          3.480e+20          1.619e+21          3.485e+22          3.338e+22          1.055e+22          
STD
E/N     1.950000e-5 eV     2.000000e-2 eV     2.900000e-1 eV     2.910000e-1 eV     5.900000e-1 eV     8.800000e-1 eV     1.170000e+0 eV     1.470000e+0 eV     1.760000e+0 eV     2.060000e+0 eV     2.350000e+0 eV     6.170000e+0 eV     7.000000e+0 eV     7.350000e+0 eV     7.360000e+0 eV     7.800000e+0 eV     8.160000e+0 eV     8.400000e+0 eV     8.550000e+0 eV     8.890000e+0 eV     1.103000e+1 eV     1.187000e+1 eV     1.225000e+1 eV     1.300000e+1 eV     1.560000e+1 eV     1.880000e+1 eV    
1.e-03    3.337e+21          9.906e+19          0.000e+00          0.000e+00          0.000e+00          0.000e+00          0.000e+00          0.000e+00          0.000e+00          0.000e+00          0.000e+00          0.000e+00          0.000e+00          0.000e+00          0.000e+00          0.000e+00          0.000e+00          0.000e+00          0.000e+00          0.000e+00          0.000e+00          0.000e+00          0.000e+00          0.000e+00          0.000e+00          0.000e+00          
1.e-02    3.748e+21          9.788e+19          0.000e+00          0.000e+00          0.000e+00          0.000e+00          0.000e+00          0.000e+00          0.000e+00          0.000e+00          0.000e+00          0.000e+00          0.000e+00          0.000e+00          0.000e+00          0.000e+00          0.000e+00          0.000e+00          0.000e+00          0.000e+00          0.000e+00          0.000e+00          0.000e+00          0.000e+00          0.000e+00          0.000e+00          
1.e-01    4.373e+21          1.758e+20          1.783e+18          0.000e+00          0.000e+00          0.000e+00          0.000e+00          0.000e+00          0.000e+00          0.000e+00          0.000e+00          0.000e+00          0.000e+00          0.000e+00          0.000e+00          0.000e+00          0.000e+00          0.000e+00          0.000e+00          0.000e+00          0.000e+00          0.000e+00          0.000e+00          0.000e+00          0.000e+00          0.000e+00          
1.e+00    6.564e+21          3.597e+20          5.473e+20          1.545e+19          0.000e+00          0.000e+00          0.000e+00          0.000e+00          0.000e+00          0.000e+00          0.000e+00          0.000e+00          0.000e+00          0.000e+00          0.000e+00          0.000e+00          0.000e+00          0.000e+00          0.000e+00          0.000e+00          0.000e+00          0.000e+00          0.000e+00          0.000e+00          0.000e+00          0.000e+00          
1.e+01    7.617e+21          9.263e+19          9.805e+19          9.876e+19          3.575e+19          7.005e+19          1.991e+19          8.940e+18          0.000e+00          0.000e+00          0.000e+00          0.000e+00          0.000e+00          0.000e+00          0.000e+00          0.000e+00          0.000e+00          0.000e+00          0.000e+00          0.000e+00          0.000e+00          0.000e+00          0.000e+00          0.000e+00          0.000e+00          0.000e+00          
1.e+02    1.447e+22          1.109e+20          9.937e+19          8.117e+20          7.884e+20          6.464e+20          5.099e+20          4.752e+20          4.322e+20          2.823e+20          1.623e+20          9.882e+19          3.018e+20          1.232e+21          6.403e+20          2.539e+20          2.507e+20          2.224e+20          4.631e+20          3.335e+20          6.511e+20          1.207e+20          1.013e+20          1.887e+20          6.479e+19          2.267e+19          
1.e+03    3.651e+22          8.078e+19          5.922e+19          9.042e+19          9.416e+19          8.945e+19          8.459e+19          8.755e+19          8.546e+19          7.203e+19          5.172e+19          7.923e+19          2.402e+20          6.836e+20          7.459e+20          2.658e+20          2.569e+20          2.173e+20          9.274e+20          2.539e+20          1.749e+21          1.421e+20          5.357e+20          7.244e+21          8.433e+21          3.655e+21          

Ionisation coef.

Mean
E/N     1.950000e-5 eV     2.000000e-2 eV     2.900000e-1 eV     2.910000e-1 eV     5.900000e-1 eV     8.800000e-1 eV     1.170000e+0 eV     1.470000e+0 eV     1.760000e+0 eV     2.060000e+0 eV     2.350000e+0 eV     6.170000e+0 eV     7.000000e+0 eV     7.350000e+0 eV     7.360000e+0 eV     7.800000e+0 eV     8.160000e+0 eV     8.400000e+0 eV     8.550000e+0 eV     8.890000e+0 eV     1.103000e+1 eV     1.187000e+1 eV     1.225000e+1 eV     1.300000e+1 eV     1.560000e+1 eV     1.880000e+1 eV    
1.e-03    0.000e+00          0.000e+00          0.000e+00          0.000e+00          0.000e+00          0.000e+00          0.000e+00          0.000e+00          0.000e+00          0.000e+00          0.000e+00          0.000e+00          0.000e+00          0.000e+00          0.000e+00          0.000e+00          0.000e+00          0.000e+00          0.000e+00          0.000e+00          0.000e+00          0.000e+00          0.000e+00          0.000e+00          0.000e+00          0.000e+00          
1.e-02    0.000e+00          0.000e+00          0.000e+00          0.000e+00          0.000e+00          0.000e+00          0.000e+00          0.000e+00          0.000e+00          0.000e+00          0.000e+00          0.000e+00          0.000e+00          0.000e+00          0.000e+00          0.000e+00          0.000e+00          0.000e+00          0.000e+00          0.000e+00          0.000e+00          0.000e+00          0.000e+00          0.000e+00          0.000e+00          0.000e+00          
1.e-01    0.000e+00          0.000e+00          0.000e+00          0.000e+00          0.000e+00          0.000e+00          0.000e+00          0.000e+00          0.000e+00          0.000e+00          0.000e+00          0.000e+00          0.000e+00          0.000e+00          0.000e+00          0.000e+00          0.000e+00          0.000e+00          0.000e+00          0.000e+00          0.000e+00          0.000e+00          0.000e+00          0.000e+00          0.000e+00          0.000e+00          
1.e+00    0.000e+00          0.000e+00          0.000e+00          0.000e+00          0.000e+00          0.000e+00          0.000e+00          0.000e+00          0.000e+00          0.000e+00          0.000e+00          0.000e+00          0.000e+00          0.000e+00          0.000e+00          0.000e+00          0.000e+00          0.000e+00          0.000e+00          0.000e+00          0.000e+00          0.000e+00          0.000e+00          0.000e+00          0.000e+00          0.000e+00          
1.e+01    0.000e+00          0.000e+00          0.000e+00          0.000e+00          0.000e+00          0.000e+00          0.000e+00          0.000e+00          0.000e+00          0.000e+00          0.000e+00          0.000e+00          0.000e+00          0.000e+00          0.000e+00          0.000e+00          0.000e+00          0.000e+00          0.000e+00          0.000e+00          0.000e+00          0.000e+00          0.000e+00          0.000e+00          0.000e+00          0.000e+00          
1.e+02    9.287e-20          3.885e-22          4.474e-22          5.246e-21          5.105e-21          4.058e-21          3.043e-21          2.820e-21          2.402e-21          1.503e-21          8.197e-22          1.919e-21          8.313e-21          2.734e-20          2.540e-20          7.782e-21          7.828e-21          6.462e-21          1.845e-20          8.138e-21          3.492e-20          1.318e-21          3.556e-21          2.375e-20          1.908e-20          7.872e-22          
1.e+03    3.003e-16          2.520e-20          1.200e-19          8.440e-20          1.272e-19          8.580e-20          7.880e-20          8.040e-20          7.500e-20          4.780e-20          2.300e-20          1.145e-18          5.341e-18          1.445e-17          1.695e-17          5.873e-18          5.487e-18          4.367e-18          2.349e-17          4.858e-18          3.705e-17          1.530e-18          8.455e-18          2.406e-16          1.282e-16          3.329e-17          
STD
E/N     1.950000e-5 eV     2.000000e-2 eV     2.900000e-1 eV     2.910000e-1 eV     5.900000e-1 eV     8.800000e-1 eV     1.170000e+0 eV     1.470000e+0 eV     1.760000e+0 eV     2.060000e+0 eV     2.350000e+0 eV     6.170000e+0 eV     7.000000e+0 eV     7.350000e+0 eV     7.360000e+0 eV     7.800000e+0 eV     8.160000e+0 eV     8.400000e+0 eV     8.550000e+0 eV     8.890000e+0 eV     1.103000e+1 eV     1.187000e+1 eV     1.225000e+1 eV     1.300000e+1 eV     1.560000e+1 eV     1.880000e+1 eV    
1.e-03    0.000e+00          0.000e+00          0.000e+00          0.000e+00          0.000e+00          0.000e+00          0.000e+00          0.000e+00          0.000e+00          0.000e+00          0.000e+00          0.000e+00          0.000e+00          0.000e+00          0.000e+00          0.000e+00          0.000e+00          0.000e+00          0.000e+00          0.000e+00          0.000e+00          0.000e+00          0.000e+00          0.000e+00          0.000e+00          0.000e+00          
1.e-02    0.000e+00          0.000e+00          0.000e+00          0.000e+00          0.000e+00          0.000e+00          0.000e+00          0.000e+00          0.000e+00          0.000e+00          0.000e+00          0.000e+00          0.000e+00          0.000e+00          0.000e+00          0.000e+00          0.000e+00          0.000e+00          0.000e+00          0.000e+00          0.000e+00          0.000e+00          0.000e+00          0.000e+00          0.000e+00          0.000e+00          
1.e-01    0.000e+00          0.000e+00          0.000e+00          0.000e+00          0.000e+00          0.000e+00          0.000e+00          0.000e+00          0.000e+00          0.000e+00          0.000e+00          0.000e+00          0.000e+00          0.000e+00          0.000e+00          0.000e+00          0.000e+00          0.000e+00          0.000e+00          0.000e+00          0.000e+00          0.000e+00          0.000e+00          0.000e+00          0.000e+00          0.000e+00          
1.e+00    0.000e+00          0.000e+00          0.000e+00          0.000e+00          0.000e+00          0.000e+00          0.000e+00          0.000e+00          0.000e+00          0.000e+00          0.000e+00          0.000e+00          0.000e+00          0.000e+00          0.000e+00          0.000e+00          0.000e+00          0.000e+00          0.000e+00          0.000e+00          0.000e+00          0.000e+00          0.000e+00          0.000e+00          0.000e+00          0.000e+00          
1.e+01    0.000e+00          0.000e+00          0.000e+00          0.000e+00          0.000e+00          0.000e+00          0.000e+00          0.000e+00          0.000e+00          0.000e+00          0.000e+00          0.000e+00          0.000e+00          0.000e+00          0.000e+00          0.000e+00          0.000e+00          0.000e+00          0.000e+00          0.000e+00          0.000e+00          0.000e+00          0.000e+00          0.000e+00          0.000e+00          0.000e+00          
1.e+02    3.676e-20          1.888e-22          2.235e-22          2.357e-21          2.397e-21          1.956e-21          1.486e-21          1.364e-21          1.157e-21          7.603e-22          3.993e-22          1.103e-21          4.938e-21          1.431e-20          1.403e-20          4.455e-21          4.419e-21          3.828e-21          1.036e-20          4.761e-21          1.805e-20          8.172e-22          2.370e-21          1.432e-20          1.020e-20          5.842e-22          
1.e+03    4.091e-17          1.721e-19          3.733e-19          2.984e-19          3.824e-19          2.861e-19          2.920e-19          2.921e-19          2.658e-19          2.248e-19          1.486e-19          7.499e-19          1.291e-18          3.051e-18          3.582e-18          1.403e-18          1.262e-18          1.090e-18          4.906e-18          1.176e-18          7.543e-18          8.286e-19          2.795e-18          3.713e-17          1.887e-17          9.022e-18          

1st Excitation

Mean
E/N     1.950000e-5 eV     2.000000e-2 eV     2.900000e-1 eV     2.910000e-1 eV     5.900000e-1 eV     8.800000e-1 eV     1.170000e+0 eV     1.470000e+0 eV     1.760000e+0 eV     2.060000e+0 eV     2.350000e+0 eV     6.170000e+0 eV     7.000000e+0 eV     7.350000e+0 eV     7.360000e+0 eV     7.800000e+0 eV     8.160000e+0 eV     8.400000e+0 eV     8.550000e+0 eV     8.890000e+0 eV     1.103000e+1 eV     1.187000e+1 eV     1.225000e+1 eV     1.300000e+1 eV     1.560000e+1 eV     1.880000e+1 eV    
1.e-03    2.696e-21          2.030e-22          0.000e+00          0.000e+00          0.000e+00          0.000e+00          0.000e+00          0.000e+00          0.000e+00          0.000e+00          0.000e+00          0.000e+00          0.000e+00          0.000e+00          0.000e+00          0.000e+00          0.000e+00          0.000e+00          0.000e+00          0.000e+00          0.000e+00          0.000e+00          0.000e+00          0.000e+00          0.000e+00          0.000e+00          
1.e-02    9.696e-21          1.352e-21          0.000e+00          0.000e+00          0.000e+00          0.000e+00          0.000e+00          0.000e+00          0.000e+00          0.000e+00          0.000e+00          0.000e+00          0.000e+00          0.000e+00          0.000e+00          0.000e+00          0.000e+00          0.000e+00          0.000e+00          0.000e+00          0.000e+00          0.000e+00          0.000e+00          0.000e+00          0.000e+00          0.000e+00          
1.e-01    3.093e-19          2.480e-19          0.000e+00          0.000e+00          0.000e+00          0.000e+00          0.000e+00          0.000e+00          0.000e+00          0.000e+00          0.000e+00          0.000e+00          0.000e+00          0.000e+00          0.000e+00          0.000e+00          0.000e+00          0.000e+00          0.000e+00          0.000e+00          0.000e+00          0.000e+00          0.000e+00          0.000e+00          0.000e+00          0.000e+00          
1.e+00    8.939e-19          2.406e-18          4.047e-19          1.400e-23          0.000e+00          0.000e+00          0.000e+00          0.000e+00          0.000e+00          0.000e+00          0.000e+00          0.000e+00          0.000e+00          0.000e+00          0.000e+00          0.000e+00          0.000e+00          0.000e+00          0.000e+00          0.000e+00          0.000e+00          0.000e+00          0.000e+00          0.000e+00          0.000e+00          0.000e+00          
1.e+01    4.607e-18          1.143e-17          1.194e-18          2.097e-18          7.915e-19          2.247e-19          7.200e-21          1.640e-21          0.000e+00          0.000e+00          0.000e+00          0.000e+00          0.000e+00          0.000e+00          0.000e+00          0.000e+00          0.000e+00          0.000e+00          0.000e+00          0.000e+00          0.000e+00          0.000e+00          0.000e+00          0.000e+00          0.000e+00          0.000e+00          
1.e+02    1.827e-17          9.897e-17          5.780e-20          2.931e-18          4.323e-18          5.418e-18          4.017e-18          3.240e-18          2.254e-18          7.384e-19          1.580e-19          1.754e-19          8.014e-19          3.902e-18          1.790e-18          6.668e-19          6.344e-19          5.224e-19          1.141e-18          8.184e-19          1.612e-18          1.300e-19          7.300e-20          3.018e-19          1.780e-20          1.400e-21          
1.e+03    1.242e-17          2.583e-17          6.720e-21          5.062e-20          4.754e-20          3.158e-20          2.144e-20          2.208e-20          2.106e-20          1.642e-20          1.098e-20          7.920e-20          4.085e-19          1.513e-18          1.315e-18          4.627e-19          4.871e-19          4.133e-19          1.334e-18          5.806e-19          3.995e-18          1.575e-19          5.469e-19          7.301e-18          5.621e-18          1.891e-18          
STD
E/N     1.950000e-5 eV     2.000000e-2 eV     2.900000e-1 eV     2.910000e-1 eV     5.900000e-1 eV     8.800000e-1 eV     1.170000e+0 eV     1.470000e+0 eV     1.760000e+0 eV     2.060000e+0 eV     2.350000e+0 eV     6.170000e+0 eV     7.000000e+0 eV     7.350000e+0 eV     7.360000e+0 eV     7.800000e+0 eV     8.160000e+0 eV     8.400000e+0 eV     8.550000e+0 eV     8.890000e+0 eV     1.103000e+1 eV     1.187000e+1 eV     1.225000e+1 eV     1.300000e+1 eV     1.560000e+1 eV     1.880000e+1 eV    
1.e-03    3.937e-22          3.933e-23          0.000e+00          0.000e+00          0.000e+00          0.000e+00          0.000e+00          0.000e+00          0.000e+00          0.000e+00          0.000e+00          0.000e+00          0.000e+00          0.000e+00          0.000e+00          0.000e+00          0.000e+00          0.000e+00          0.000e+00          0.000e+00          0.000e+00          0.000e+00          0.000e+00          0.000e+00          0.000e+00          0.000e+00          
1.e-02    1.494e-21          2.419e-22          0.000e+00          0.000e+00          0.000e+00          0.000e+00          0.000e+00          0.000e+00          0.000e+00          0.000e+00          0.000e+00          0.000e+00          0.000e+00          0.000e+00          0.000e+00          0.000e+00          0.000e+00          0.000e+00          0.000e+00          0.000e+00          0.000e+00          0.000e+00          0.000e+00          0.000e+00          0.000e+00          0.000e+00          
1.e-01    4.335e-20          3.712e-20          0.000e+00          0.000e+00          0.000e+00          0.000e+00          0.000e+00          0.000e+00          0.000e+00          0.000e+00          0.000e+00          0.000e+00          0.000e+00          0.000e+00          0.000e+00          0.000e+00          0.000e+00          0.000e+00          0.000e+00          0.000e+00          0.000e+00          0.000e+00          0.000e+00          0.000e+00          0.000e+00          0.000e+00          
1.e+00    1.403e-19          3.307e-19          6.397e-20          1.668e-22          0.000e+00          0.000e+00          0.000e+00          0.000e+00          0.000e+00          0.000e+00          0.000e+00          0.000e+00          0.000e+00          0.000e+00          0.000e+00          0.000e+00          0.000e+00          0.000e+00          0.000e+00          0.000e+00          0.000e+00          0.000e+00          0.000e+00          0.000e+00          0.000e+00          0.000e+00          
1.e+01    7.357e-19          1.660e-18          1.958e-19          3.619e-19          1.752e-19          6.304e-20          9.605e-21          5.490e-21          0.000e+00          0.000e+00          0.000e+00          0.000e+00          0.000e+00          0.000e+00          0.000e+00          0.000e+00          0.000e+00          0.000e+00          0.000e+00          0.000e+00          0.000e+00          0.000e+00          0.000e+00          0.000e+00          0.000e+00          0.000e+00          
1.e+02    4.106e-18          1.383e-17          9.070e-20          8.991e-19          1.077e-18          1.105e-18          7.871e-19          6.285e-19          4.317e-19          1.711e-19          9.882e-20          9.677e-20          2.513e-19          9.973e-19          5.116e-19          2.103e-19          2.057e-19          1.807e-19          3.633e-19          2.690e-19          5.366e-19          1.062e-19          9.675e-20          1.593e-19          5.698e-20          1.668e-20          
1.e+03    2.004e-18          3.819e-18          1.405e-20          2.486e-20          2.126e-20          2.036e-20          1.632e-20          1.356e-20          1.537e-20          1.206e-20          1.562e-20          2.715e-20          9.687e-20          3.547e-19          3.076e-19          1.091e-19          1.145e-19          9.931e-20          2.956e-19          1.427e-19          9.142e-19          5.801e-20          1.830e-19          1.482e-18          9.651e-19          5.276e-19          

2nd Excitation

Mean
E/N     1.950000e-5 eV     2.000000e-2 eV     2.900000e-1 eV     2.910000e-1 eV     5.900000e-1 eV     8.800000e-1 eV     1.170000e+0 eV     1.470000e+0 eV     1.760000e+0 eV     2.060000e+0 eV     2.350000e+0 eV     6.170000e+0 eV     7.000000e+0 eV     7.350000e+0 eV     7.360000e+0 eV     7.800000e+0 eV     8.160000e+0 eV     8.400000e+0 eV     8.550000e+0 eV     8.890000e+0 eV     1.103000e+1 eV     1.187000e+1 eV     1.225000e+1 eV     1.300000e+1 eV     1.560000e+1 eV     1.880000e+1 eV    
1.e-03    0.000e+00          0.000e+00          0.000e+00          0.000e+00          0.000e+00          0.000e+00          0.000e+00          0.000e+00          0.000e+00          0.000e+00          0.000e+00          0.000e+00          0.000e+00          0.000e+00          0.000e+00          0.000e+00          0.000e+00          0.000e+00          0.000e+00          0.000e+00          0.000e+00          0.000e+00          0.000e+00          0.000e+00          0.000e+00          0.000e+00          
1.e-02    0.000e+00          0.000e+00          0.000e+00          0.000e+00          0.000e+00          0.000e+00          0.000e+00          0.000e+00          0.000e+00          0.000e+00          0.000e+00          0.000e+00          0.000e+00          0.000e+00          0.000e+00          0.000e+00          0.000e+00          0.000e+00          0.000e+00          0.000e+00          0.000e+00          0.000e+00          0.000e+00          0.000e+00          0.000e+00          0.000e+00          
1.e-01    3.114e-25          3.655e-25          4.220e-26          0.000e+00          0.000e+00          0.000e+00          0.000e+00          0.000e+00          0.000e+00          0.000e+00          0.000e+00          0.000e+00          0.000e+00          0.000e+00          0.000e+00          0.000e+00          0.000e+00          0.000e+00          0.000e+00          0.000e+00          0.000e+00          0.000e+00          0.000e+00          0.000e+00          0.000e+00          0.000e+00          
1.e+00    2.643e-19          8.510e-20          1.193e-19          6.600e-24          0.000e+00          0.000e+00          0.000e+00          0.000e+00          0.000e+00          0.000e+00          0.000e+00          0.000e+00          0.000e+00          0.000e+00          0.000e+00          0.000e+00          0.000e+00          0.000e+00          0.000e+00          0.000e+00          0.000e+00          0.000e+00          0.000e+00          0.000e+00          0.000e+00          0.000e+00          
1.e+01    6.714e-19          4.078e-20          4.134e-18          9.026e-20          5.686e-20          4.584e-20          1.920e-21          6.400e-22          2.000e-23          0.000e+00          0.000e+00          0.000e+00          0.000e+00          0.000e+00          0.000e+00          0.000e+00          0.000e+00          0.000e+00          0.000e+00          0.000e+00          0.000e+00          0.000e+00          0.000e+00          0.000e+00          0.000e+00          0.000e+00          
1.e+02    2.908e-18          3.620e-20          6.359e-18          4.298e-19          4.019e-19          3.282e-19          2.619e-19          2.649e-19          2.382e-19          1.496e-19          8.248e-20          2.366e-20          1.088e-19          5.339e-19          2.447e-19          9.134e-20          8.914e-20          7.352e-20          1.639e-19          1.158e-19          2.195e-19          2.528e-20          1.142e-20          4.552e-20          2.980e-21          1.600e-22          
1.e+03    2.222e-18          1.200e-21          2.548e-17          7.040e-21          7.680e-21          7.220e-21          6.380e-21          6.240e-21          6.220e-21          4.040e-21          2.200e-21          2.288e-20          1.162e-19          3.622e-19          4.098e-19          1.297e-19          1.298e-19          1.071e-19          3.586e-19          1.401e-19          9.996e-19          3.666e-20          1.603e-19          1.006e-18          7.734e-19          2.541e-19          
STD
E/N     1.950000e-5 eV     2.000000e-2 eV     2.900000e-1 eV     2.910000e-1 eV     5.900000e-1 eV     8.800000e-1 eV     1.170000e+0 eV     1.470000e+0 eV     1.760000e+0 eV     2.060000e+0 eV     2.350000e+0 eV     6.170000e+0 eV     7.000000e+0 eV     7.350000e+0 eV     7.360000e+0 eV     7.800000e+0 eV     8.160000e+0 eV     8.400000e+0 eV     8.550000e+0 eV     8.890000e+0 eV     1.103000e+1 eV     1.187000e+1 eV     1.225000e+1 eV     1.300000e+1 eV     1.560000e+1 eV     1.880000e+1 eV    
1.e-03    0.000e+00          0.000e+00          0.000e+00          0.000e+00          0.000e+00          0.000e+00          0.000e+00          0.000e+00          0.000e+00          0.000e+00          0.000e+00          0.000e+00          0.000e+00          0.000e+00          0.000e+00          0.000e+00          0.000e+00          0.000e+00          0.000e+00          0.000e+00          0.000e+00          0.000e+00          0.000e+00          0.000e+00          0.000e+00          0.000e+00          
1.e-02    0.000e+00          0.000e+00          0.000e+00          0.000e+00          0.000e+00          0.000e+00          0.000e+00          0.000e+00          0.000e+00          0.000e+00          0.000e+00          0.000e+00          0.000e+00          0.000e+00          0.000e+00          0.000e+00          0.000e+00          0.000e+00          0.000e+00          0.000e+00          0.000e+00          0.000e+00          0.000e+00          0.000e+00          0.000e+00          0.000e+00          
1.e-01    3.513e-25          3.664e-25          5.553e-26          0.000e+00          0.000e+00          0.000e+00          0.000e+00          0.000e+00          0.000e+00          0.000e+00          0.000e+00          0.000e+00          0.000e+00          0.000e+00          0.000e+00          0.000e+00          0.000e+00          0.000e+00          0.000e+00          0.000e+00          0.000e+00          0.000e+00          0.000e+00          0.000e+00          0.000e+00          0.000e+00          
1.e+00    3.751e-20          1.236e-20          1.695e-20          3.575e-23          0.000e+00          0.000e+00          0.000e+00          0.000e+00          0.000e+00          0.000e+00          0.000e+00          0.000e+00          0.000e+00          0.000e+00          0.000e+00          0.000e+00          0.000e+00          0.000e+00          0.000e+00          0.000e+00          0.000e+00          0.000e+00          0.000e+00          0.000e+00          0.000e+00          0.000e+00          
1.e+01    1.435e-19          1.156e-20          5.448e-19          2.068e-20          1.247e-20          1.231e-20          5.895e-21          3.522e-21          6.325e-22          0.000e+00          0.000e+00          0.000e+00          0.000e+00          0.000e+00          0.000e+00          0.000e+00          0.000e+00          0.000e+00          0.000e+00          0.000e+00          0.000e+00          0.000e+00          0.000e+00          0.000e+00          0.000e+00          0.000e+00          
1.e+02    4.956e-19          1.118e-20          9.025e-19          7.778e-20          7.799e-20          6.340e-20          5.040e-20          4.947e-20          4.405e-20          3.021e-20          1.747e-20          9.628e-21          2.991e-20          1.256e-19          6.654e-20          2.687e-20          2.634e-20          2.272e-20          4.790e-20          3.485e-20          6.851e-20          1.250e-20          1.061e-20          1.975e-20          7.125e-21          1.783e-21          
1.e+03    4.871e-19          4.752e-21          3.447e-18          9.557e-21          9.732e-21          9.611e-21          9.326e-21          9.271e-21          9.263e-21          8.034e-21          6.261e-21          8.613e-21          2.842e-20          8.836e-20          9.831e-20          3.140e-20          3.252e-20          2.652e-20          8.559e-20          3.451e-20          2.305e-19          1.477e-20          5.573e-20          3.570e-19          1.984e-19          8.369e-20          

3rd Excitation

Mean
E/N     1.950000e-5 eV     2.000000e-2 eV     2.900000e-1 eV     2.910000e-1 eV     5.900000e-1 eV     8.800000e-1 eV     1.170000e+0 eV     1.470000e+0 eV     1.760000e+0 eV     2.060000e+0 eV     2.350000e+0 eV     6.170000e+0 eV     7.000000e+0 eV     7.350000e+0 eV     7.360000e+0 eV     7.800000e+0 eV     8.160000e+0 eV     8.400000e+0 eV     8.550000e+0 eV     8.890000e+0 eV     1.103000e+1 eV     1.187000e+1 eV     1.225000e+1 eV     1.300000e+1 eV     1.560000e+1 eV     1.880000e+1 eV    
1.e-03    0.000e+00          0.000e+00          0.000e+00          0.000e+00          0.000e+00          0.000e+00          0.000e+00          0.000e+00          0.000e+00          0.000e+00          0.000e+00          0.000e+00          0.000e+00          0.000e+00          0.000e+00          0.000e+00          0.000e+00          0.000e+00          0.000e+00          0.000e+00          0.000e+00          0.000e+00          0.000e+00          0.000e+00          0.000e+00          0.000e+00          
1.e-02    0.000e+00          0.000e+00          0.000e+00          0.000e+00          0.000e+00          0.000e+00          0.000e+00          0.000e+00          0.000e+00          0.000e+00          0.000e+00          0.000e+00          0.000e+00          0.000e+00          0.000e+00          0.000e+00          0.000e+00          0.000e+00          0.000e+00          0.000e+00          0.000e+00          0.000e+00          0.000e+00          0.000e+00          0.000e+00          0.000e+00          
1.e-01    0.000e+00          0.000e+00          0.000e+00          0.000e+00          0.000e+00          0.000e+00          0.000e+00          0.000e+00          0.000e+00          0.000e+00          0.000e+00          0.000e+00          0.000e+00          0.000e+00          0.000e+00          0.000e+00          0.000e+00          0.000e+00          0.000e+00          0.000e+00          0.000e+00          0.000e+00          0.000e+00          0.000e+00          0.000e+00          0.000e+00          
1.e+00    1.269e-22          3.217e-23          7.445e-23          6.175e-24          8.906e-27          0.000e+00          0.000e+00          0.000e+00          0.000e+00          0.000e+00          0.000e+00          0.000e+00          0.000e+00          0.000e+00          0.000e+00          0.000e+00          0.000e+00          0.000e+00          0.000e+00          0.000e+00          0.000e+00          0.000e+00          0.000e+00          0.000e+00          0.000e+00          0.000e+00          
1.e+01    8.258e-18          2.753e-19          1.740e-18          4.640e-18          1.478e-18          3.889e-19          1.052e-20          2.620e-21          2.000e-23          0.000e+00          0.000e+00          0.000e+00          0.000e+00          0.000e+00          0.000e+00          0.000e+00          0.000e+00          0.000e+00          0.000e+00          0.000e+00          0.000e+00          0.000e+00          0.000e+00          0.000e+00          0.000e+00          0.000e+00          
1.e+02    1.571e-17          1.736e-19          8.380e-20          1.257e-16          4.034e-18          5.756e-18          4.163e-18          3.338e-18          2.154e-18          5.646e-19          5.840e-20          2.300e-19          1.048e-18          5.155e-18          2.337e-18          8.764e-19          8.352e-19          6.916e-19          1.513e-18          1.094e-18          2.126e-18          1.846e-19          9.780e-20          3.958e-19          2.600e-20          2.200e-21          
1.e+03    1.457e-17          1.126e-20          7.480e-21          3.006e-17          6.448e-20          4.428e-20          2.922e-20          3.246e-20          3.150e-20          2.250e-20          1.522e-20          9.316e-20          4.770e-19          1.777e-18          1.530e-18          5.426e-19          5.658e-19          4.816e-19          1.555e-18          6.850e-19          4.666e-18          1.876e-19          6.397e-19          8.554e-18          6.570e-18          2.210e-18          
STD
E/N     1.950000e-5 eV     2.000000e-2 eV     2.900000e-1 eV     2.910000e-1 eV     5.900000e-1 eV     8.800000e-1 eV     1.170000e+0 eV     1.470000e+0 eV     1.760000e+0 eV     2.060000e+0 eV     2.350000e+0 eV     6.170000e+0 eV     7.000000e+0 eV     7.350000e+0 eV     7.360000e+0 eV     7.800000e+0 eV     8.160000e+0 eV     8.400000e+0 eV     8.550000e+0 eV     8.890000e+0 eV     1.103000e+1 eV     1.187000e+1 eV     1.225000e+1 eV     1.300000e+1 eV     1.560000e+1 eV     1.880000e+1 eV    
1.e-03    0.000e+00          0.000e+00          0.000e+00          0.000e+00          0.000e+00          0.000e+00          0.000e+00          0.000e+00          0.000e+00          0.000e+00          0.000e+00          0.000e+00          0.000e+00          0.000e+00          0.000e+00          0.000e+00          0.000e+00          0.000e+00          0.000e+00          0.000e+00          0.000e+00          0.000e+00          0.000e+00          0.000e+00          0.000e+00          0.000e+00          
1.e-02    0.000e+00          0.000e+00          0.000e+00          0.000e+00          0.000e+00          0.000e+00          0.000e+00          0.000e+00          0.000e+00          0.000e+00          0.000e+00          0.000e+00          0.000e+00          0.000e+00          0.000e+00          0.000e+00          0.000e+00          0.000e+00          0.000e+00          0.000e+00          0.000e+00          0.000e+00          0.000e+00          0.000e+00          0.000e+00          0.000e+00          
1.e-01    0.000e+00          0.000e+00          0.000e+00          0.000e+00          0.000e+00          0.000e+00          0.000e+00          0.000e+00          0.000e+00          0.000e+00          0.000e+00          0.000e+00          0.000e+00          0.000e+00          0.000e+00          0.000e+00          0.000e+00          0.000e+00          0.000e+00          0.000e+00          0.000e+00          0.000e+00          0.000e+00          0.000e+00          0.000e+00          0.000e+00          
1.e+00    8.449e-23          2.754e-23          6.058e-23          5.599e-24          2.534e-26          0.000e+00          0.000e+00          0.000e+00          0.000e+00          0.000e+00          0.000e+00          0.000e+00          0.000e+00          0.000e+00          0.000e+00          0.000e+00          0.000e+00          0.000e+00          0.000e+00          0.000e+00          0.000e+00          0.000e+00          0.000e+00          0.000e+00          0.000e+00          0.000e+00          
1.e+01    1.207e-18          4.157e-20          2.481e-19          8.012e-19          2.473e-19          9.092e-20          1.003e-20          6.751e-21          6.325e-22          0.000e+00          0.000e+00          0.000e+00          0.000e+00          0.000e+00          0.000e+00          0.000e+00          0.000e+00          0.000e+00          0.000e+00          0.000e+00          0.000e+00          0.000e+00          0.000e+00          0.000e+00          0.000e+00          0.000e+00          
1.e+02    4.821e-18          1.212e-19          9.873e-20          1.725e-17          1.282e-18          1.316e-18          8.762e-19          7.233e-19          4.614e-19          1.896e-19          9.098e-20          9.544e-20          3.048e-19          1.269e-18          6.419e-19          2.652e-19          2.610e-19          2.168e-19          4.543e-19          3.339e-19          6.625e-19          1.098e-19          1.040e-19          1.922e-19          6.729e-20          2.087e-20          
1.e+03    2.392e-18          3.329e-20          2.518e-20          4.417e-18          6.097e-20          5.380e-20          4.253e-20          4.877e-20          4.957e-20          4.110e-20          3.450e-20          6.194e-20          1.234e-19          4.336e-19          3.686e-19          1.391e-19          1.390e-19          1.257e-19          3.498e-19          1.703e-19          1.047e-18          7.792e-20          2.218e-19          1.740e-18          1.117e-18          6.176e-19          
