############################################################################################

Mobility

Crompton et al. 1967
Crompton, R. W., Elford, M. T., Jory, R. L., Australian J. Phys. 20, 369 (1967)

1.820000e-2	2.296700e+25	0.001
2.124000e-2	2.245800e+25	0.001
2.430000e-2	2.193400e+25	0.001
2.730000e-2	2.146500e+25	0.001
3.030000e-2	2.102300e+25	0.001
3.640000e-2	2.013700e+25	0.001
4.550000e-2	1.896700e+25	0.001
5.460000e-2	1.794900e+25	0.001
6.070000e-2	1.733100e+25	0.001
7.590000e-2	1.607400e+25	0.001
9.100000e-2	1.505500e+25	0.001
1.214000e-1	1.334400e+25	0.003
1.517000e-1	1.212900e+25	0.001
1.820000e-1	1.120900e+25	0.003
2.124000e-1	1.040500e+25	0.003
2.430000e-1	9.753100e+24	0.003
2.730000e-1	9.267400e+24	0.003
3.030000e-1	8.811900e+24	0.003
3.640000e-1	8.049500e+24	0.003
4.550000e-1	7.208800e+24	0.003
5.460000e-1	6.593400e+24	0.003
6.070000e-1	6.243800e+24	0.003
7.590000e-1	5.573100e+24	0.003
9.100000e-1	5.087900e+24	0.003
1.214000e+0	4.390400e+24	0.003
1.517000e+0	3.935400e+24	0.003
1.820000e+0	3.598900e+24	0.005
2.214000e+0	3.193300e+24	0.005
2.430000e+0	3.115200e+24	0.005
2.730000e+0	2.956000e+24	0.005
3.030000e+0	2.828400e+24	0.005
3.640000e+0	2.601700e+24	0.005

Kucukarpaci et al. 1981
Kucukarpaci H N, Saelee H T and Lucas J 1981 J. Phys. D: Appl. Phys. 14 9

1.430000e+0	4.126000e+24	0.01
2.010000e+0	3.532000e+24	0.01
2.860000e+0	3.322000e+24	0.01
5.560000e+0	2.050000e+24	0.01
8.610000e+0	2.184000e+24	0.01
1.397000e+1	2.176000e+24	0.01
2.014000e+1	2.061000e+24	0.01
2.918000e+1	2.190000e+24	0.01
5.679000e+1	2.689000e+24	0.01
1.135000e+2	2.751000e+24	0.01
1.434000e+2	2.989000e+24	0.01
1.724000e+2	3.057000e+24	0.01
2.303000e+2	3.169000e+24	0.01

Milloy and Crompton 1977
Milloy H B and Crompton R W 1977 Phys. Rev. A 15 1847

2.500000e+0	3.072000e+24	0.015
3.000000e+0	2.830000e+24	0.015
3.500000e+0	2.646000e+24	0.015
4.000000e+0	2.503000e+24	0.015
5.000000e+0	2.304000e+24	0.015
6.000000e+0	2.188000e+24	0.015
7.000000e+0	2.147000e+24	0.015

############################################################################################

Diffusion

Cavalleri 1969
Cavalleri G 1969 Phys. Rev. 179 186

6.000000e-3	6.420000e+23	0.005
8.000000e-3	6.440000e+23	0.005
1.000000e-2	6.460000e+23	0.005
1.500000e-2	6.580000e+23	0.005
2.000000e-2	6.690000e+23	0.005
2.500000e-2	6.810000e+23	0.005
3.000000e-2	7.030000e+23	0.005
4.000000e-2	7.400000e+23	0.005
5.000000e-2	7.780000e+23	0.005
6.000000e-2	8.090000e+23	0.005
8.000000e-2	8.650000e+23	0.005
1.000000e-1	9.220000e+23	0.005
1.500000e-1	1.040000e+24	0.005
2.000000e-1	1.150000e+24	0.005
2.500000e-1	1.250000e+24	0.005
3.000000e-1	1.330000e+24	0.005
4.000000e-1	1.490000e+24	0.005
5.000000e-1	1.620000e+24	0.005
6.000000e-1	1.730000e+24	0.005
8.000000e-1	1.930000e+24	0.005
1.000000e+0	2.090000e+24	0.005
1.500000e+0	2.440000e+24	0.005
2.000000e+0	2.770000e+24	0.005
2.500000e+0	3.080000e+24	0.005
3.000000e+0	3.370000e+24	0.005
4.000000e+0	3.950000e+24	0.005
5.000000e+0	4.550000e+24	0.005
6.000000e+0	5.210000e+24	0.005
8.000000e+0	6.670000e+24	0.005
1.000000e+1	8.010000e+24	0.015
1.200000e+1	8.790000e+24	0.015
1.400000e+1	9.180000e+24	0.015
1.600000e+1	9.410000e+24	0.015
2.000000e+1	9.610000e+24	0.015
2.300000e+1	9.660000e+24	0.015
2.400000e+1	9.790000e+24	0.015
2.600000e+1	1.050000e+25	0.015
2.800000e+1	1.100000e+25	0.015

Crompton et al. 1967
Crompton R W, Elford M T and Jory R L 1967 Austr. J. Phys. 20 369

2.124000e-2	6.780000e+23	0.01
2.430000e-2	6.860000e+23	0.01
2.730000e-2	6.980000e+23	0.01
3.030000e-2	7.080000e+23	0.01
3.640000e-2	7.290000e+23	0.01
4.550000e-2	7.590000e+23	0.01
5.460000e-2	7.920000e+23	0.01
6.070000e-2	8.110000e+23	0.01
7.590000e-2	8.560000e+23	0.01
9.100000e-2	9.060000e+23	0.01
1.214000e-1	9.890000e+23	0.01
1.517000e-1	1.060000e+24	0.01
1.820000e-1	1.132000e+24	0.01
2.124000e-1	1.189000e+24	0.01
2.430000e-1	1.240000e+24	0.01
2.730000e-1	1.300000e+24	0.01
3.030000e-1	1.350000e+24	0.01
3.640000e-1	1.440000e+24	0.01
4.550000e-1	1.560000e+24	0.01
5.460000e-1	1.680000e+24	0.01
6.070000e-1	1.740000e+24	0.01
7.590000e-1	1.900000e+24	0.01
9.100000e-1	2.030000e+24	0.01
1.214000e+0	2.280000e+24	0.01
1.517000e+0	2.520000e+24	0.01
1.820000e+0	2.720000e+24	0.01
2.124000e+0	2.920000e+24	0.01
2.430000e+0	3.100000e+24	0.01
2.730000e+0	3.300000e+24	0.01
3.030000e+0	3.500000e+24	0.01

############################################################################################

Characteristic Energy

Warren et al. 1962
Warren, R. W., Parker, J. H., Phys. Rev. 128, 2661 (1962)

1.130000e-3	2.030000e-2	0.03
1.800000e-3	2.340000e-2	0.03
2.830000e-3	2.560000e-2	0.03
3.600000e-3	2.550000e-2	0.03
5.150000e-3	2.540000e-2	0.03
5.430000e-3	2.540000e-2	0.03
7.200000e-3	2.600000e-2	0.03
7.760000e-3	2.600000e-2	0.03
8.230000e-3	2.620000e-2	0.03
1.133000e-2	2.710000e-2	0.03
1.177000e-2	2.660000e-2	0.03
1.242000e-2	2.750000e-2	0.03
1.645000e-2	2.790000e-2	0.03
1.707000e-2	2.840000e-2	0.03
1.773000e-2	2.800000e-2	0.03
1.804000e-2	2.950000e-2	0.03
1.878000e-2	2.950000e-2	0.03

Crompton et al. 1967
Crompton R W, Elford M T and Jory R L 1967 Austr. J. Phys. 20 369

2.124000e-2	3.020000e-2	0.01
2.430000e-2	3.130000e-2	0.01
2.730000e-2	3.250000e-2	0.01
3.030000e-2	3.370000e-2	0.01
3.640000e-2	3.620000e-2	0.01
4.550000e-2	4.000000e-2	0.01
5.460000e-2	4.410000e-2	0.01
6.070000e-2	4.680000e-2	0.01
7.590000e-2	5.340000e-2	0.01
9.100000e-2	6.040000e-2	0.01
1.214000e-1	7.410000e-2	0.01
1.517000e-1	8.740000e-2	0.01
1.820000e-1	1.012000e-1	0.01
2.124000e-1	1.141000e-1	0.01
2.430000e-1	1.271000e-1	0.01
2.730000e-1	1.405000e-1	0.01
3.030000e-1	1.536000e-1	0.01
3.640000e-1	1.792000e-1	0.01
4.550000e-1	2.170000e-1	0.01
5.460000e-1	2.545000e-1	0.01
6.070000e-1	2.789000e-1	0.01
7.590000e-1	3.400000e-1	0.01
9.100000e-1	3.990000e-1	0.01
1.214000e+0	5.200000e-1	0.01
1.517000e+0	6.400000e-1	0.01
1.820000e+0	7.550000e-1	0.01
2.124000e+0	8.760000e-1	0.01
2.430000e+0	9.960000e-1	0.01
2.730000e+0	1.117000e+0	0.01
3.030000e+0	1.241000e+0	0.01

Al-Amin et al. 1987
Al-Amin, S. A. J., Lucas., J., J. Phys. D, 20 , 1590 (1987) 

5.650000e+1	6.520000e+0	0.08
7.060000e+1	7.060000e+0	0.08
8.460000e+1	9.520000e+0	0.08
1.130000e+2	1.010000e+1	0.08
1.410000e+2	1.110000e+1	0.08
1.980000e+2	1.430000e+1	0.08
2.820000e+2	1.830000e+1	0.08
3.390000e+2	1.980000e+1	0.08
4.230000e+2	2.090000e+1	0.08
5.650000e+2	2.170000e+1	0.08
7.060000e+2	1.890000e+1	0.08
8.480000e+2	1.740000e+1	0.08
1.130000e+3	1.640000e+1	0.08
1.413000e+3	1.340000e+1	0.08
1.695000e+3	1.200000e+1	0.08
1.978000e+3	1.000000e+1	0.08
2.260000e+3	9.180000e+0	0.08
2.825000e+3	8.620000e+0	0.08
3.390000e+3	6.590000e+0	0.08
4.238000e+3	6.290000e+0	0.08
5.650000e+3	5.140000e+0	0.08

############################################################################################

Townsend Ionisation Coefficient

Davies et al. 1962
Davies, D. K., Llewellyn-Jones, F., Morgan, C. G., Proc. Phys. Soc. London, 80, 898 (1962)

1.696000e+1	2.742000e-23	0.1
1.734000e+1	2.770000e-23	0.1
1.987000e+1	4.800000e-23	0.1
2.312000e+1	7.900000e-23	0.1
2.601000e+1	1.050000e-22	0.1
2.854000e+1	1.390000e-22	0.1
3.580000e+1	2.260000e-22	0.1
4.260000e+1	2.670000e-22	0.1
5.710000e+1	4.000000e-22	0.1
7.120000e+1	5.900000e-22	0.1
8.530000e+1	7.400000e-22	0.1
9.930000e+1	9.600000e-22	0.1
1.138000e+2	1.210000e-21	0.1
1.279000e+2	1.480000e-21	0.1
1.420000e+2	1.670000e-21	0.1
1.561000e+2	1.840000e-21	0.1
1.701000e+2	1.920000e-21	0.1
1.842000e+2	2.230000e-21	0.1
1.983000e+2	2.280000e-21	0.1
2.265000e+2	2.920000e-21	0.1
2.547000e+2	3.400000e-21	0.1
2.828000e+2	3.700000e-21	0.1

Lakshminarasimha et al. 1975
Lakshminarasimha C S, Lucas J and Snelson R A 1975 Proc. IEE 122 1162

1.391000e+1	3.380000e-23	0.1
2.757000e+1	1.150000e-22	0.1
5.582000e+1	3.440000e-22	0.1
8.546000e+1	9.260000e-22	0.1
1.142000e+2	1.310000e-21	0.1
1.417000e+2	1.560000e-21	0.1
1.708000e+2	1.780000e-21	0.1
2.030000e+2	2.040000e-21	0.1
2.282000e+2	2.210000e-21	0.1
2.580000e+2	2.560000e-21	0.1
2.832000e+2	2.700000e-21	0.1
4.278000e+2	3.120000e-21	0.1
5.657000e+2	3.740000e-21	0.1
7.186000e+2	4.520000e-21	0.1
8.547000e+2	5.140000e-21	0.1

DallArmi et al. 1992
DallArmi, G., Brown, K. L., Purdie, P. H. and Fletcher, J., Aust. J. Phys., 45, 185 (1992)

8.803000e+0	1.684900e-23	0.3
1.326400e+1	3.251100e-23	0.3
1.772500e+1	5.647800e-23	0.3
2.239100e+1	9.326100e-23	0.3
2.685200e+1	1.355000e-22	0.3
3.170400e+1	1.694300e-22	0.3
3.616600e+1	2.330300e-22	0.3
4.062700e+1	2.909400e-22	0.3
4.539400e+1	3.063600e-22	0.3
5.419700e+1	4.010400e-22	0.3
6.322200e+1	5.353600e-22	0.3
7.224600e+1	7.145200e-22	0.3
8.135500e+1	8.020900e-22	0.3
9.048200e+1	9.250100e-22	0.3


############################################################################################


